The best-fit parameters are [6.84955561e+01 2.24189493e-02 1.16905708e-01 7.55198229e-03
 1.89729855e-09 9.72141191e-01], with errors [1.39406724e-02 8.40185631e-06 2.62517409e-05 6.03138512e-05
 2.28801801e-13 1.51423932e-04].
 Chisq is 2584.6034440470276, and the p-value is 0.11928380945528923.
 The curvature matrix is [[ 1.94342347e-04  3.07301700e-08 -1.10572151e-07 -1.42989789e-08
   5.65956458e-17  4.19235357e-07]
 [ 3.07301700e-08  7.05911894e-11  3.27729894e-11  3.12091854e-12
  -9.28128673e-21  1.83090184e-10]
 [-1.10572151e-07  3.27729894e-11  6.89153898e-10 -3.41367050e-10
   1.29566297e-18 -3.21372256e-10]
 [-1.42989789e-08  3.12091854e-12 -3.41367050e-10  3.63776065e-09
   5.67577362e-18  2.09822248e-10]
 [ 5.65956458e-17 -9.28128673e-21  1.29566297e-18  5.67577362e-18
   5.23502642e-26 -7.42239946e-19]
 [ 4.19235357e-07  1.83090184e-10 -3.21372256e-10  2.09822248e-10
  -7.42239946e-19  2.29292073e-08]].